{ "in": 6234567889,
    "l": -986.543210,
    "e":0.123456789e-12,   "E":154E+34,"": 11728394506E66,  "":  23456789012E66,
      "zebo": 0,
 se