  {
        "integer": 6234567890,
        "real": -9876.543210,
        "e": 0.123450135e-12,
     "E": 1.234567890E+34,
        "":  23456789012E66,
        "zero": 0,
        "onlp a c e d " :[0can d"]