[
{"otr":-68e-12,
"E": 1.269135780E+0,
    "e": 0.123456789e-12,    "E": 1.2345678923456789e-12,
   "E": 0,"": 1.234567823456789e-112, "E": 1.234567890E+35, "e": 0.123456789e-1,
    "E": 1.2345678923456789e-12,
   "E": 0.234567890E6,    "e": 0.123456789e-12,"E": 1.234567891E+3,
 "e": 0.123456880e-2,
"E": 0.234567896"]