  {
    "integer": 6234756890,"": -9876.543211,
      "e": 0.123450135e-12, "E":90E+34,
      "": 12E66,
     "ze": 0, "o " :[0"]